  8906  17990
  8886  17976
  8854  17964
  8861  17920
  8847  17880
  8843  17844
  8829  17806
  8812  17774
  8804  17739
  8799  17696
  8793  17656
  8794  17620
  8784  17583
  8769  17549
  8758  17518
  8750  17482
  8747  17440
  8733  17403
  8733  17366
  8722  17335
  8716  17303
  8708  17262
  8711  17229
  8709  17192
  8721  17160
  8715  17123
  8720  17080
  8716  17042
  8712  17007
  8700  16975
  8711  16932
  8707  16891
  8713  16850
  8708  16815
  8706  16776
  8705  16742
  8702  16703
  8690  16666
  8699  16623
  8696  16590
  8699  16553
  8677  16528
  8660  16496
  8638  16461
  8635  16428
  8614  16391
  8598  16361
  8577  16325
  8559  16293
  8546  16258
  8536  16221
  8522  16184
  8502  16148
  8493  16115
  8486  16077
  8487  16037
  8491  16001
  8502  15969
  8519  15932
  8536  15897
  8555  15865
  8556  15831
  8575  15799
  8597  15767
  8618  15738
  8630  15702
  8657  15680
  8683  15657
  8707  15628
  8728  15601
  8744  15571
  8747  15538
  8769  15505
  8814  15470
  8843  15443
  8859  15401
  8866  15360
  8869  15325
  8875  15285
  8878  15252
  8880  15219
  8886  15183
  8890  15150
  8907  15122
  8908  15085
  8910  15041
  8917  15000
  8927  14968
  8936  14931
  8906  14888
  8878  14859
  8896  14827
  8907  14786
  8927  14757
  8923  14723
  8929  14690
  8929  14656
  8929  14620
  8927  14586
  8931  14548
  8938  14510
  8923  14471
  8939  14436
  8923  14405
  8927  14366
  8916  14334
  8909  14294
  8906  14259
  8909  14221
  8890  14181
  8879  14145
  8870  14101
  8861  14050
  8851  14010
  8828  13973
  8803  13937
  8794  13904
  8778  13873
  8762  13843
  8738  13816
  8715  13788
  8693  13760
  8670  13723
  8650  13691
  8622  13654
  8592  13623
  8568  13594
  8543  13562
  8519  13527
  8499  13488
  8485  13458
  8465  13431
  8451  13397
  8424  13363
  8402  13331
  8378  13287
  8364  13255
  8334  13219
  8311  13192
  8292  13160
  8269  13127
  8247  13099
  8213  13063
  8187  13036
  8161  13010
  8141  12980
  8121  12937
  8098  12898
  8077  12858
  8062  12828
  8038  12792
  8021  12759
  7995  12731
  7980  12698
  7957  12668
  7948  12631
  7922  12596
  7898  12570
  7882  12533
  7859  12507
  7840  12471
  7823  12442
  7798  12413
  7771  12382
  7748  12349
  7722  12320
  7708  12273
  7676  12256
  7643  12243
  7609  12201
  7573  12178
  7542  12164
  7510  12138
  7483  12113
  7457  12086
  7437  12058
  7426  12027
  7414  11985
  7405  11941
  7391  11902
  7382  11865
  7369  11827
  7356  11796
  7347  11760
  7327  11733
  7325  11695
  7315  11658
  7297  11620
  7279  11590
  7264  11559
  7237  11525
  7217  11491
  7197  11461
  7181  11425
  7158  11399
  7137  11363
  7125  11328
  7101  11294
  7080  11266
  7054  11235
  7033  11196
  7020  11166
  6994  11139
  6972  11106
  6960  11069
  6938  11030
  6908  10992
  6890  10962
  6870  10922
  6845  10890
  6833  10854
  6815  10825
  6789  10804
  6763  10783
  6749  10745
  6715  10726
  6700  10694
  6687  10656
  6662  10610
  6637  10586
  6624  10553
  6608  10516
  6583  10491
  6551  10464
  6526  10438
  6498  10420
  6472  10388
  6450  10361
  6430  10326
  6399  10300
  6371  10266
  6348  10241
  6318  10222
  6289  10188
  6268  10152
  6249  10116
  6231  10076
  6209  10050
  6178  10025
  6180   9984
  6150   9945
  6131   9911
  6119   9875
  6101   9844
  6090   9813
  6060   9778
  6046   9747
  6030   9712
  6016   9674
  6011   9631
  5993   9597
  5977   9558
  5950   9539
  5930   9512
  5904   9489
  5881   9461
  5851   9441
  5845   9403
  5819   9377
  5803   9343
  5779   9307
  5758   9276
  5737   9244
  5705   9211
  5688   9167
  5670   9133
  5651   9094
  5628   9068
  5610   9036
  5592   9009
  5567   8985
  5556   8951
  5550   8908
  5535   8875
  5512   8846
  5475   8814
  5446   8790
  5423   8759
  5390   8727
  5364   8692
  5368   8655
  5344   8620
  5333   8589
  5311   8552
  5291   8510
  5275   8478
  5254   8448
  5236   8414
  5215   8388
  5192   8352
  5169   8314
  5143   8283
  5125   8249
  5111   8216
  5093   8189
  5073   8158
  5039   8130
  5028   8095
  5001   8060
  4986   8022
  4970   7980
  4945   7943
  4920   7920
  4901   7860
  4863   7834
  4829   7811
  4809   7779
  4798   7745
  4802   7706
  4800   7664
  4794   7629
  4783   7592
  4761   7560
  4734   7529
  4716   7486
  4694   7451
  4678   7418
  4656   7390
  4639   7355
  4620   7317
  4596   7289
  4569   7267
  4547   7240
  4519   7214
  4491   7195
  4456   7182
  4418   7171
  4377   7171
  4341   7178
  4294   7168
  4261   7131
  4236   7103
  4234   7068
  4239   7025
  4274   7005
  4277   6968
  4290   6934
  4322   6902
  4337   6871
  4354   6838
  4343   6802
  4318   6768
  4295   6736
  4285   6698
  4272   6658
  4252   6624
  4237   6593
  4217   6564
  4190   6533
  4174   6492
  4168   6459
  4146   6424
  4121   6384
  4095   6353
  4074   6319
  4058   6285
  4044   6253
  4036   6221
  4021   6187
  4002   6158
  3987   6123
  3962   6094
  3936   6063
  3924   6029
  3901   6003
  3880   5968
  3865   5936
  3850   5901
  3840   5864
  3823   5831
  3800   5807
  3773   5779
  3755   5750
  3743   5717
  3718   5694
  3701   5661
  3703   5626
  3681   5599
  3663   5568
  3644   5535
  3630   5496
  3620   5464
  3612   5429
  3608   5387
  3601   5345
  3595   5306
  3591   5271
  3584   5232
  3570   5198
  3570   5159
  3568   5122
  3565   5090
  3562   5056
  3556   5019
  3541   4985
  3536   4946
  3531   4912
  3517   4876
  3495   4841
  3485   4799
  3484   4756
  3458   4715
  3464   4675
  3457   4640
  3449   4605
  3442   4567
  3427   4530
  3420   4486
  3406   4450
  3401   4417
  3392   4376
  3382   4337
  3375   4298
  3365   4267
  3356   4232
  3340   4197
  3321   4158
  3301   4126
  3280   4089
  3262   4060
  3240   4028
  3221   3993
  3204   3952
  3180   3927
  3162   3884
  3145   3849
  3126   3812
  3110   3769
  3086   3743
  3071   3712
  3048   3685
  3028   3646
  3001   3601
  2984   3573
  2971   3534
  2955   3495
  2928   3463
  2909   3435
  2887   3399
  2879   3365
  2864   3330
  2842   3292
  2817   3262
  2794   3225
  2766   3194
  2747   3163
  2727   3130
  2714   3093
  2698   3063
  2669   3038
  2654   2994
  2632   2969
  2619   2931
  2598   2900
  2583   2866
  2568   2831
  2548   2795
  2529   2766
  2510   2738
  2492   2708
  2477   2676
  2455   2649
  2437   2620
  2417   2576
  2407   2545
  2389   2514
  2369   2482
  2345   2452
  2324   2424
  2297   2399
  2275   2368
  2253   2337
  2228   2299
  2206   2269
  2183   2238
  2158   2213
  2129   2186
  2104   2159
  2065   2137
  2055   2099
  2040   2069
  2019   2027
  1990   2003
  1968   1974
  1942   1953
  1913   1931
  1882   1911
  1846   1884
  1822   1847
  1792   1830
  1769   1806
  1736   1779
  1711   1758
  1678   1728
  1640   1695
  1608   1672
  1574   1645
  1547   1615
  1517   1597
  1491   1572
  1462   1547
  1433   1526
  1407   1499
  1379   1473
  1354   1451
  1326   1425
  1298   1401
  1271   1377
  1247   1352
  1220   1326
  1193   1297
  1166   1277
  1142   1250
  1116   1220
  1097   1188
  1076   1150
  1058   1118
  1035   1081
  1016   1053
   999   1025
   970    981
   945    954
   926    926
   913    892
   883    868
   846    858
   813    846
   773    842
   738    837
   703    838
   665    832
   632    834
   595    825
   563    800
   538    770
   516    741
   494    705
   469    671
   444    636
   426    608
   398    571
   370    540
   352    505
   327    472
   311    440
   292    406
   273    374
   251    340
   227    312
   206    279
   185    249
   160    214
   137    176
   114    145
    95    109
    68     82
    46     55
    27     29
     0      0
    31     15
    53     39
    78     77
   107    110
   128    141
   146    169
   172    202
   190    230
   209    268
   230    300
   249    331
   267    363
   292    393
   319    418
   342    450
   361    480
   377    509
   395    542
   416    576
   440    610
   455    642
   474    670
   496    698
   519    726
   544    760
   568    789
   599    811
   640    828
   673    835
   711    836
   744    833
   785    833
   827    834
   860    838
   891    862
   924    879
   947    912
   970    946
   996    981
  1018   1015
  1035   1049
  1055   1080
  1072   1113
  1097   1149
  1115   1178
  1139   1214
  1163   1244
  1185   1274
  1208   1300
  1233   1324
  1262   1348
  1297   1367
  1324   1391
  1348   1414
  1380   1440
  1408   1461
  1434   1493
  1469   1523
  1504   1549
  1534   1569
  1566   1590
  1597   1621
  1629   1647
  1657   1672
  1697   1702
  1723   1729
  1749   1749
  1778   1778
  1802   1803
  1826   1829
  1856   1850
  1882   1874
  1908   1896
  1940   1920
  1965   1948
  1994   1964
  2027   1987
  2052   2020
  2076   2053
  2095   2082
  2113   2115
  2133   2149
  2158   2183
  2186   2208
  2210   2237
  2241   2275
  2265   2309
  2286   2338
  2311   2371
  2335   2401
  2355   2429
  2376   2462
  2398   2491
  2413   2528
  2426   2559
  2450   2592
  2471   2625
  2487   2655
  2504   2691
  2522   2724
  2543   2760
  2562   2790
  2584   2831
  2597   2864
  2615   2894
  2635   2925
  2650   2957
  2669   2988
  2693   3020
  2716   3049
  2740   3079
  2760   3120
  2778   3149
  2795   3185
  2820   3222
  2839   3254
  2855   3283
  2879   3314
  2890   3346
  2910   3387
  2926   3424
  2949   3462
  2967   3499
  2985   3532
  3002   3563
  3018   3592
  3033   3622
  3051   3653
  3068   3686
  3084   3719
  3102   3751
  3119   3782
  3137   3814
  3150   3845
  3170   3874
  3186   3905
  3206   3932
  3220   3962
  3238   3992
  3258   4022
  3277   4054
  3294   4089
  3315   4115
  3330   4147
  3349   4186
  3361   4217
  3374   4250
  3388   4284
  3400   4319
  3410   4360
  3418   4399
  3427   4442
  3431   4479
  3440   4513
  3451   4547
  3458   4580
  3462   4614
  3467   4658
  3478   4693
  3488   4728
  3496   4762
  3498   4798
  3504   4836
  3519   4874
  3526   4914
  3533   4948
  3542   4981
  3540   5016
  3546   5049
  3557   5084
  3579   5117
  3576   5154
  3591   5187
  3600   5224
  3596   5261
  3597   5297
  3605   5332
  3613   5364
  3625   5395
  3629   5429
  3640   5464
  3652   5507
  3670   5546
  3691   5576
  3709   5604
  3738   5636
  3760   5663
  3783   5690
  3815   5725
  3836   5759
  3835   5797
  3842   5832
  3848   5867
  3865   5900
  3888   5931
  3902   5967
  3922   5994
  3939   6033
  3957   6064
  3975   6097
  3995   6127
  4009   6168
  4036   6199
  4056   6226
  4073   6256
  4089   6291
  4108   6325
  4129   6359
  4148   6396
  4169   6433
  4188   6462
  4203   6497
  4224   6536
  4247   6566
  4265   6601
  4280   6641
  4296   6677
  4314   6713
  4327   6751
  4348   6782
  4356   6814
  4361   6856
  4335   6893
  4314   6926
  4302   6962
  4278   6996
  4249   7021
  4245   7059
  4264   7098
  4297   7109
  4341   7120
  4375   7135
  4430   7158
  4463   7173
  4496   7184
  4523   7210
  4554   7228
  4581   7247
  4599   7276
  4622   7312
  4637   7346
  4647   7382
  4638   7414
  4662   7447
  4676   7484
  4741   7529
  4766   7571
  4790   7601
  4805   7636
  4816   7668
  4830   7702
  4830   7740
  4844   7776
  4866   7805
  4899   7833
  4931   7859
  4963   7886
  4985   7916
  5002   7955
  5020   7986
  5037   8021
  5053   8053
  5069   8087
  5088   8118
  5107   8160
  5121   8191
  5140   8223
  5157   8254
  5176   8284
  5193   8319
  5220   8352
  5241   8390
  5256   8425
  5277   8458
  5293   8489
  5320   8520
  5337   8549
  5355   8580
  5376   8613
  5398   8648
  5418   8681
  5442   8719
  5462   8760
  5476   8795
  5495   8825
  5508   8865
  5529   8893
  5552   8924
  5568   8954
  5590   8983
  5614   9011
  5643   9034
  5671   9061
  5689   9093
  5705   9131
  5730   9158
  5749   9186
  5766   9216
  5787   9255
  5807   9294
  5829   9321
  5841   9354
  5862   9380
  5882   9412
  5894   9449
  5919   9481
  5936   9515
  5964   9541
  5988   9574
  6011   9610
  6029   9649
  6048   9678
  6064   9712
  6083   9746
  6097   9785
  6114   9820
  6137   9859
  6152   9893
  6170   9924
  6193   9953
  6217   9984
  6235  10017
  6254  10048
  6273  10078
  6295  10109
  6313  10140
  6333  10171
  6361  10206
  6383  10238
  6403  10271
  6427  10302
  6451  10332
  6478  10357
  6499  10383
  6530  10411
  6556  10436
  6576  10469
  6594  10506
  6610  10544
  6630  10583
  6658  10616
  6669  10650
  6692  10682
  6721  10699
  6743  10731
  6763  10762
  6778  10792
  6800  10823
  6823  10851
  6848  10883
  6872  10921
  6896  10954
  6912  10985
  6926  11016
  6948  11049
  6969  11085
  6990  11114
  7020  11135
  7022  11172
  7043  11199
  7066  11231
  7088  11262
  7111  11292
  7131  11321
  7155  11352
  7175  11393
  7187  11426
  7205  11458
  7227  11493
  7249  11523
  7270  11561
  7290  11594
  7311  11635
  7330  11671
  7341  11709
  7357  11740
  7373  11780
  7382  11816
  7394  11850
  7406  11882
  7415  11920
  7426  11953
  7441  11987
  7452  12022
  7469  12060
  7492  12093
  7517  12121
  7544  12146
  7582  12164
  7614  12190
  7647  12206
  7677  12221
  7707  12236
  7733  12263
  7759  12301
  7779  12335
  7801  12371
  7826  12406
  7853  12445
  7873  12483
  7891  12512
  7912  12548
  7934  12576
  7963  12617
  7982  12646
  7999  12685
  8011  12718
  8030  12752
  8049  12791
  8074  12817
  8088  12849
  8107  12882
  8116  12915
  8134  12943
  8164  12973
  8184  13003
  8219  13021
  8239  13055
  8264  13077
  8289  13112
  8314  13146
  8339  13179
  8358  13210
  8381  13241
  8401  13280
  8414  13311
  8432  13340
  8455  13370
  8475  13401
  8495  13427
  8518  13455
  8539  13489
  8561  13518
  8585  13553
  8605  13581
  8626  13610
  8651  13645
  8671  13672
  8693  13706
  8715  13737
  8738  13770
  8755  13801
  8764  13840
  8795  13879
  8809  13909
  8819  13946
  8833  13978
  8848  14018
  8861  14049
  8868  14086
  8880  14118
  8890  14156
  8896  14190
  8901  14232
  8912  14271
  8915  14306
  8919  14347
  8922  14385
  8918  14424
  8920  14466
  8926  14514
  8917  14550
  8923  14585
  8926  14623
  8929  14659
  8932  14697
  8927  14734
  8932  14767
  8926  14801
  8929  14841
  8919  14882
  8923  14921
  8925  14957
  8915  14988
  8910  15028
  8907  15064
  8900  15097
  8891  15149
  8885  15186
  8883  15223
  8879  15262
  8884  15298
  8879  15339
  8876  15378
  8864  15423
  8852  15460
  8832  15493
  8814  15521
  8791  15549
  8762  15583
  8734  15602
  8710  15638
  8687  15670
  8664  15704
  8640  15737
  8608  15769
  8588  15804
  8551  15832
  8523  15854
  8519  15887
  8518  15923
  8515  15963
  8506  15999
  8496  16035
  8499  16072
  8516  16105
  8526  16139
  8540  16175
  8554  16207
  8567  16247
  8582  16282
  8600  16309
  8615  16351
  8625  16383
  8638  16419
  8657  16463
  8671  16501
  8685  16531
  8696  16567
  8703  16606
  8706  16644
  8698  16696
  8707  16729
  8704  16763
  8717  16802
  8730  16839
  8727  16887
  8725  16940
  8723  16990
  8746  17041
  8735  17081
  8721  17124
  8721  17163
  8727  17201
  8725  17237
  8725  17272
  8733  17308
  8743  17354
  8741  17388
  8745  17425
  8755  17466
  8766  17497
  8776  17534
  8784  17573
  8796  17611
  8805  17656
  8812  17693
  8814  17734
  8819  17771
  8830  17807
  8835  17839
  8844  17874
  8861  17908
  8883  17941
  8902  17968
  8908  17976
